구 분,산업재산권,개발비,회원권,영업권,기타,계
기초장부금액,1143602.0,740736.0,187186.0,206741.0,5730388.0,8008653.0
개별 취득,272799.0,0.0,0.0,0.0,1112729.0,1385528.0
내부개발에 의한 취득,0.0,109482.0,0.0,0.0,0.0,109482.0
상각,-207641.0,-455990.0,0.0,0.0,-1951594.0,-2615225.0
처분ㆍ폐기,-29840.0,0.0,0.0,0.0,-6132.0,-35972.0
손상(환입),-6545.0,-3474.0,7091.0,-206741.0,0.0,-209669.0
기타,22944.0,-19362.0,0.0,0.0,356269.0,359851.0
기말장부금액,1195319.0,371392.0,194277.0,0.0,5241660.0,7002648.0
